[Trading]
m_bTrading=0                            
m_StartTradingUTC=1345618236            
m_TradingSession=0                      
[Algo_No1]
strInstrumentName=IF1209                
direction=1                             
OffsetID=0                              
bTradeTrend=0                           
S=2290.000000                           
X=3000                                  
T=1.000000                              
N=36                                    
lambda=0.000001                         
sigma=28.704000                         
alpha=0.023920                          
eta=0.000115                            
epsilon=0.165000                        
gamma=0.000001                          
tau=0.027778                            
xbar=14.515979                          
etabar=0.000115                         
ksquare=7.191840                        
k=2.681761                              
maxnj=217.464599                        
maxnj2=216.561216                       
vecxj=3000.000000;2782.535401;2580.518954;2392.829101;2218.423819;2056.334841;1905.662276;1765.569617;1635.279095;1514.067357;1401.261459;1296.235120;1198.405254;1107.228726;1022.199339;942.845025;868.725223;799.428433;734.569930;673.789632;616.750097;563.134652;512.645632;465.002731;419.941445;377.211601;336.575970;297.808951;260.695315;225.029014;190.612035;157.253301;124.767610;92.974608;61.697784;30.763495;0.000000
vecnj=217.464599;202.016446;187.689853;174.405282;162.088978;150.672565;140.092659;130.290523;121.211737;112.805899;105.026338;97.829866;91.176528;85.029387;79.354314;74.119802;69.296790;64.858503;60.780298;57.039535;53.615446;50.489020;47.642900;45.061286;42.729844;40.635631;38.767019;37.113636;35.666301;34.416979;33.358734;32.485691;31.793003;31.276824;30.934289;30.763495
vecxj2=3000.000000;2783.438784;2582.250146;2395.317122;2221.601892;2060.140020;1910.035097;1770.453767;1640.621099;1519.816283;1407.368634;1302.653860;1205.090604;1114.137212;1029.288726;950.074081;876.053493;806.816011;741.977242;681.177211;624.078367;570.363708;519.735018;471.911217;426.626795;383.630341;342.683146;303.557877;266.037319;229.913164;194.984856;161.058481;127.945684;95.462628;63.428975;31.666878;0.000000
vecnj2=216.561216;201.188638;186.933024;173.715230;161.461872;150.104923;139.581330;129.832668;120.804815;112.447650;104.714774;97.563256;90.953392;84.848486;79.214644;74.020588;69.237482;64.838770;60.800031;57.098844;53.714659;50.628689;47.823801;45.284422;42.996454;40.947196;39.125268;37.520558;36.124155;34.928308;33.926376;33.112797;32.483055;32.033653;31.762097;31.666878
vecTradedVolume=0;0;0;0;0;0;0;0;0;0;0;0;0;0;0;0;0;0;0;0;0;0;0;0;0;0;0;0;0;0;0;0;0;0;0;0
